[_ROOT_]
VisibilitySphere 2.16138
[Body]
Mesh Body
Parent _ROOT_
Attaching 0 1 0 -1 0 0 0 0 1 0.32586 -3e-005 0.65928
[Bottom]
Mesh Bottom
Parent _ROOT_
Attaching 0 1 0 -1 0 0 0 0 1 -1.53109 -0.00799 0.14364
[Back]
Mesh Back
Parent _ROOT_
Attaching 0 1 0 -1 0 0 0 0 1 -0.3378 -0.00912 -0.07572
[Head1_D0]
Mesh Head1_D0
Parent Body
Attaching 0 -1 0 0 0 -1 1 0 0 0.0011 -0.91522 -0.10141
[Head1_D1]
Mesh Head1_D1
Parent Body
Attaching 0 -0.766042 -0.642791 -0.573578 0.526538 -0.627508 0.819153 0.368691 -0.439381 0.0011 -1.27724 -0.08814
[Externals]
Mesh Externals
Parent Body
Attaching 1 0 0 0 1 0 0 0 1 1e-005 5.38281 -0.65939
[TurretA]
Mesh TurretA
Parent body
hidden
Attaching 1 0 0 0 1 0 0 0 1 -0.00527 1.65184 -0.00000
[TurretB]
Mesh TurretB
Parent TurretA
Attaching 1 0 0 0 0.0219125 0.99976 0 -0.99976 0.0219125 0.00551534 0.0000000 0.1053
[TurretC]
Mesh TurretC
Parent body
Hidden
Attaching 0 0.951047 0.309045 0 0.309045 -0.951047 -1 0 0 -0.08000 1.65184 -0.04000
[TurretD]
Mesh TurretD
Parent TurretC
Hidden
Attaching 1 2.80766e-005 0 0 0 1 2.80766e-005 -1 0 0.00551534 -0.0911685 -0.0053
[PatronsL]
Mesh PatronsL
Parent body
hidden
Attaching 1 0 0 0 0 -1 0 1 0 -0.204 1.69411 -0.41825
[PatronsL1]
Mesh PatronsL1
Parent PatronsL
hidden
Attaching 0 0 1 -1 0 0 0 -1 0 0.00176001 -0.0506 -0.00497997
[PatronsL2]
Mesh PatronsL2
Parent PatronsL1
hidden
Attaching 0 1 0 -1 0 0 0 0 1 -0.000959992 0.000269994 -0.000539988
[PatronsR]
Mesh PatronsR
Parent body
hidden
Attaching 1 0 0 0 0 -1 0 1 0 0.20395 1.69411 -0.41825
[PatronsR1]
Mesh PatronsR1
Parent PatronsR
hidden
Attaching 0 0 1 -1 0 0 0 -1 0 -0.00176001 -0.0506 -0.00497997
[PatronsR2]
Mesh PatronsR2
Parent PatronsR1
hidden
Attaching 0 -1 0 1 0 0 0 0 1 -0.000959992 -0.000269994 -0.000539988
[Hylse1]
Mesh Hylse1
Parent body
hidden
Attaching 0.00873002 -0.999962 0 0.999962 0.00873002 0 0 0 1 2e-005 1.57391 -0.50813
[Hylse2]
Mesh Hylse2
Parent Hylse1
hidden
Attaching 0 -1 0 1 0 0 0 0 1 2.34127e-009 -1.1864e-010 -1.49012e-008
[zAlt1]
Mesh zAlt1
Parent Body
Attaching 1 0 0 0 0 1 0 -1 0 -0.09139 -0.31286 0.18691
[zAlt2]
Mesh zAlt2
Parent Body
Attaching 0 0 -1 1 0 0 0 -1 0 -0.09117 -0.31023 0.19528
[PatrendR1]
Mesh PatrendR1
Parent PatronsR2
Hidden
Attaching 0.956099 -0.0424 0.28996 -0.0453999 0.956098 0.289509 -0.28951 -0.28996 0.912199 -0.13394 -0.16768 0.44616
[PatrendR2]
Mesh PatrendR2
Parent PatrendR1
Hidden
Attaching 0.995773 0.0697131 -0.0597957 -0.0718803 0.996803 -0.0348833 0.0571774 0.039032 0.997601 0.0364609 -0.00271864 -0.0196066
[PatrendR3]
Mesh PatrendR3
Parent PatrendR2
Hidden
Attaching 0.996923 -0.0245566 0.0744386 0.0197105 0.997682 0.0651275 -0.0758637 -0.0634637 0.995097 0.0158748 -0.000883183 -0.0466257
[PatrendR4]
Mesh PatrendR4
Parent PatrendR3
Hidden
Attaching 0.995027 -0.0177209 0.098018 0.00887391 0.995899 0.0900379 -0.099206 -0.0887193 0.991104 -0.00220576 -0.00141647 -0.0589111
[PatrendR5]
Mesh PatrendR5
Parent PatrendR4
Hidden
Attaching 0.997056 -0.0327477 0.0693211 0.0288979 0.998028 0.0557194 -0.071022 -0.053551 0.996037 -0.0101188 -0.00165337 -0.0572424
[PatrendR6]
Mesh PatrendR6
Parent PatrendR5
Hidden
Attaching 0.999998 -0.00191837 -0.000694483 0.00192212 0.999997 -0.00165014 0.000704294 0.00164659 0.999998 -0.0156979 -0.00291247 -0.052761
[PatrendR7]
Mesh PatrendR7
Parent PatrendR6
Hidden
Attaching 0.999849 -0.00109923 -0.0173609 0.000785238 0.999841 -0.0178184 0.017377 0.0177992 0.99969 -0.0150588 -0.000699698 -0.048073
[PatrendR8]
Mesh PatrendR8
Parent PatrendR7
Hidden
Attaching 0.999336 -0.000346793 -0.0364487 -0.000975326 0.999342 -0.0362667 0.036435 0.0362846 0.998677 -0.0156267 -0.00157923 -0.0483486
[PatrendR9]
Mesh PatrendR9
Parent PatrendR8
Hidden
Attaching 0.995653 0.0109282 -0.0924953 -0.0187967 0.996235 -0.0846358 0.0912266 0.0860031 0.992109 -0.0156326 -0.00160593 -0.049913
[PatrendR10]
Mesh PatrendR10
Parent PatrendR9
Hidden
Attaching 0.99578 0.00991428 -0.0912388 -0.0176066 0.996321 -0.0838691 0.0900621 0.0851314 0.992291 -0.012225 -0.002524 -0.0508234
[PatrendL1]
Mesh PatrendL1
Parent PatronsL2
Hidden
Attaching 0.956099 0.0424 0.28996 0.0453999 0.956098 -0.289509 -0.28951 0.28996 0.912199 -0.13479 0.14995 0.45153
[PatrendL2]
Mesh PatrendL2
Parent PatrendL1
Hidden
Attaching 0.995773 -0.0697131 -0.0597957 0.0718803 0.996803 0.0348833 0.0571774 -0.039032 0.997601 0.0351025 0.00239583 -0.0202749
[PatrendL3]
Mesh PatrendL3
Parent PatrendL2
Hidden
Attaching 0.996923 0.0245566 0.0744386 -0.0197105 0.997682 -0.0651275 -0.0758637 0.0634637 0.995097 0.0162547 0.000842025 -0.0453849
[PatrendL4]
Mesh PatrendL4
Parent PatrendL3
Hidden
Attaching 0.995027 0.0177209 0.098018 -0.00887077 0.9959 -0.0900293 -0.099206 0.0887193 0.991104 -0.00203841 0.00150567 -0.0571942
[PatrendL5]
Mesh PatrendL5
Parent PatrendL4
Hidden
Attaching 0.997056 0.0327477 0.0693208 -0.0289019 0.998028 -0.0557277 -0.0710222 0.053551 0.996036 -0.00957541 0.00178918 -0.0561912
[PatrendL6]
Mesh PatrendL6
Parent PatrendL5
Hidden
Attaching 0.999998 0.00191837 -0.000694483 -0.00192212 0.999997 0.00165014 0.000704294 -0.00164659 0.999998 -0.0156612 0.00293579 -0.0527944
[PatrendL7]
Mesh PatrendL7
Parent PatrendL6
Hidden
Attaching 0.999849 0.00109923 -0.0173609 -0.000785238 0.999841 0.0178184 0.017377 -0.0177992 0.99969 -0.0150428 0.000693953 -0.0484051
[PatrendL8]
Mesh PatrendL8
Parent PatrendL7
Hidden
Attaching 0.999336 0.000346793 -0.0364487 0.000975326 0.999342 0.0362667 0.036435 -0.0362846 0.998677 -0.015646 0.00160855 -0.0490378
[PatrendL9]
Mesh PatrendL9
Parent PatrendL8
Hidden
Attaching 0.995653 -0.0109282 -0.0924953 0.0187967 0.996235 0.0846358 0.0912266 -0.0860031 0.992109 -0.0159814 0.00166481 -0.0515066
[PatrendL10]
Mesh PatrendL10
Parent PatrendL9
Hidden
Attaching 0.99578 -0.00991428 -0.0912388 0.0176099 0.99632 0.0838782 0.0900718 -0.0851309 0.99229 -0.0125625 0.00258352 -0.0524081
[HullDamage1]
Mesh HullDamage1
Parent _ROOT_
Hidden
Attaching 0 -1 0 0 0 1 -1 0 0 -0.29551 0.19522 0.25495
[HullDamage2]
Mesh HullDamage2
Parent _ROOT_
Hidden
Attaching 0 -1 0 0 0 1 -1 0 0 -0.15254 0.04716 0.41189
[HullDamage3]
Mesh HullDamage3
Parent _ROOT_
Hidden
Attaching 0 -1 0 0.17365 0 0.984808 -0.984808 0 0.17365 -0.14803 0.06493 0.05656
[HullDamage4]
Mesh HullDamage4
Parent _ROOT_
Hidden
Attaching 0 1 0 0 0 -1 -1 0 0 -0.13995 -0.09939 0.37642
[XGlassDamage1]
Mesh XGlassDamage1
Parent _ROOT_
Hidden
Attaching 0 1 0 -1 0 0 0 0 1 -0.41957 -0.15322 0.72483
[XGlassDamage2]
Mesh XGlassDamage2
Parent _ROOT_
Hidden
Attaching 0 1 0 -1 0 0 0 0 1 -0.35771 -0.02134 0.7229
[XGlassDamage3]
Mesh XGlassDamage3
Parent _ROOT_
Hidden
Attaching 0 1 0 -1 0 0 0 0 1 -0.39715 -0.0137 0.74691
[XGlassDamage4]
Mesh XGlassDamage4
Parent _ROOT_
Hidden
Attaching 0 1 0 -1 0 0 0 0 1 -0.5676 0.00065 0.70667
