//Generated by MshReader 1.18 by Dr.Jones

[Common]
NumBones 0
 FramesType Single
 NumFrames 1

[LOD]
40
60

[Hooks]
_mgun03 <BASE>
_mgun04 <BASE>

[HookLoc]
1 0 0 0 1 7.14812E-07 0 -7.14812E-07 1 1.09072 0.31255 -0.00661971
1 0 0 0 1 7.14812E-07 0 -7.14812E-07 1 1.09072 -0.31156 -0.00662015

[Materials]
Kloss1D0o

[FaceGroups]
74 48
0 0 74 0 48 0

[Vertices_Frame0]
-0.266876 -0.363586 -0.0777283 0 0 -1
-0.266876 -0.363586 -0.0777283 -1 0 0
-0.266876 -0.363586 -0.0777283 0 -1 0
-0.266876 -0.261719 -0.0777283 0 0 -1
-0.266876 -0.261719 -0.0777283 -1 0 0
-0.266876 -0.261719 -0.0777283 0 1 0
0.337341 -0.363586 -0.0777283 0 0 -1
0.337341 -0.363586 -0.0777283 1 0 0
0.337341 -0.363586 -0.0777283 0 -1 0
0.337341 -0.261719 -0.0777283 0 0 -1
0.337341 -0.261719 -0.0777283 0 1 0
0.337341 -0.261719 -0.0777283 1 0 0
-0.266876 -0.363586 0.0712891 0 0 1
-0.266876 -0.363586 0.0712891 -1 0 0
-0.266876 -0.363586 0.0712891 0 -1 0
-0.266876 -0.261719 0.0712891 0 0 1
-0.266876 -0.261719 0.0712891 -1 0 0
-0.266876 -0.261719 0.0712891 0 1 0
0.337341 -0.363586 0.0712891 0 0 1
0.337341 -0.363586 0.0712891 1 0 0
0.337341 -0.363586 0.0712891 0 -1 0
0.337341 -0.261719 0.0712891 0 0 1
0.337341 -0.261719 0.0712891 0 1 0
0.337341 -0.261719 0.0712891 1 0 0
-0.266876 0.363007 -0.0777588 0 0 -1
-0.266876 0.363007 -0.0777588 -1 0 0
-0.266876 0.363007 -0.0777588 0 1 0
-0.266876 0.261139 -0.0777588 0 0 -1
-0.266876 0.261139 -0.0777588 -1 0 0
-0.266876 0.261139 -0.0777588 0 -1 0
0.337341 0.363007 -0.0777588 0 0 -1
0.337341 0.363007 -0.0777588 0 1 0
0.337341 0.363007 -0.0777588 1 0 0
0.337341 0.261139 -0.0777283 0 0 -1
0.337341 0.261139 -0.0777283 1 0 0
0.337341 0.261139 -0.0777283 0 -1 0
-0.266876 0.363007 0.0712891 0 0 1
-0.266876 0.363007 0.0712891 -1 0 0
-0.266876 0.363007 0.0712891 0 1 0
-0.266876 0.261139 0.0712891 0 0 1
-0.266876 0.261139 0.0712891 -1 0 0
-0.266876 0.261139 0.0712891 0 -1 0
0.337341 0.363007 0.0712891 0 0 1
0.337341 0.363007 0.0712891 0 1 0
0.337341 0.363007 0.0712891 1 0 0
0.337341 0.261139 0.0712891 0 0 1
0.337341 0.261139 0.0712891 1 0 0
0.337341 0.261139 0.0712891 0 -1 0
0.337311 0.339935 -0.00650024 0 0.948683 0.316228
0.337311 0.312988 0.0204468 0 -0.316228 0.948683
0.337311 0.286041 -0.00650024 0 -0.948683 -0.316228
0.337311 0.312988 -0.0334473 0 0.316228 -0.948683
1.02042 0.339935 -0.00650024 1 0 0
1.02042 0.339935 -0.00650024 0 0.948683 -0.316228
1.02042 0.312988 0.0204468 1 0 0
1.02042 0.312988 0.0204468 0 0.316228 0.948683
1.02042 0.286041 -0.00650024 1 0 0
1.02042 0.286041 -0.00650024 0 -0.948683 0.316228
1.02042 0.312988 -0.0334473 1 0 0
1.02042 0.312988 -0.0334473 0 -0.316228 -0.948683
1.02042 0.312988 -0.00650024 1 0 0
0.337311 -0.338348 -0.00650024 0 -0.948683 0.316228
0.337311 -0.311401 0.0204468 0 0.316228 0.948683
0.337311 -0.284454 -0.00650024 0 0.948683 -0.316228
0.337311 -0.311401 -0.0334473 0 -0.316228 -0.948683
1.02042 -0.338348 -0.00650024 1 0 0
1.02042 -0.338348 -0.00650024 0 -0.948683 -0.316228
1.02042 -0.311401 0.0204468 1 0 0
1.02042 -0.311401 0.0204468 0 -0.316228 0.948683
1.02042 -0.284454 -0.00650024 1 0 0
1.02042 -0.284454 -0.00650024 0 0.948683 0.316228
1.02042 -0.311401 -0.0334473 1 0 0
1.02042 -0.311401 -0.0334473 0 0.316228 -0.948683
1.02042 -0.311401 -0.00650024 1 0 0

[MaterialMapping]
0.7519379 0.8808441
0.6631927 0.8819427
0.7519379 0.8720551
0.7519379 0.8701019
0.6728363 0.8819427
0.7519379 0.8720551
0.675766 0.8808441
0.6631927 0.8819427
0.675766 0.8720551
0.675766 0.8701019
0.675766 0.8720551
0.6728363 0.8819427
0.7519379 0.8808441
0.6631927 0.8674164
0.7519379 0.8544769
0.7519379 0.8701019
0.6728363 0.8674164
0.7519379 0.8544769
0.675766 0.8808441
0.6631927 0.8674164
0.675766 0.8544769
0.675766 0.8701019
0.675766 0.8544769
0.6728363 0.8674164
0.7519379 0.8808441
0.6631927 0.8819427
0.7519379 0.8720551
0.7519379 0.8701019
0.6728363 0.8819427
0.7519379 0.8720551
0.675766 0.8808441
0.675766 0.8720551
0.6631927 0.8819427
0.675766 0.8701019
0.6728363 0.8819427
0.675766 0.8720551
0.7519379 0.8808441
0.6631927 0.8674164
0.7519379 0.8544769
0.7519379 0.8701019
0.6728363 0.8674164
0.7519379 0.8544769
0.675766 0.8808441
0.675766 0.8544769
0.6631927 0.8674164
0.675766 0.8701019
0.6728363 0.8674164
0.675766 0.8544769
0.6856537 0.8608246
0.6856537 0.864975
0.6856537 0.8608246
0.6856537 0.8566742
0.6032562 0.859848
0.5859222 0.8608246
0.5970306 0.8537445
0.5859222 0.864975
0.5909271 0.859848
0.5859222 0.8608246
0.5970306 0.8660736
0.5859222 0.8566742
0.5970306 0.859848
0.6856537 0.8608246
0.6856537 0.864975
0.6856537 0.8608246
0.6856537 0.8566742
0.6032562 0.859848
0.5859222 0.8608246
0.5970306 0.8537445
0.5859222 0.864975
0.5909271 0.859848
0.5859222 0.8608246
0.5970306 0.8660736
0.5859222 0.8566742
0.5970306 0.859848

[Faces]
9 6 0
0 3 9
21 15 12
12 18 21
16 4 1
1 13 16
22 10 5
5 17 22
19 7 11
11 23 19
14 2 8
8 20 14
30 33 24
27 24 33
39 45 36
42 36 45
28 40 25
37 25 40
35 47 29
41 29 47
32 44 34
46 34 44
26 38 31
43 31 38
55 53 48
49 55 48
57 55 49
50 57 49
59 57 50
51 59 50
53 59 51
48 53 51
52 54 60
54 56 60
56 58 60
58 52 60
66 68 61
68 62 61
68 70 62
70 63 62
70 72 63
72 64 63
72 66 64
66 61 64
67 65 73
69 67 73
71 69 73
65 71 73

[ShVertices_Frame0]
0.3373566 0.33992 -0.006500244
0.3373566 0.312973 0.02043152
0.3373566 0.286026 -0.006500244
0.3373566 0.312973 -0.03344727
1.020462 0.33992 -0.006500244
1.020462 0.312973 0.02043152
1.020462 0.286026 -0.006500244
1.020462 0.312973 -0.03344727
1.020462 0.312973 -0.006500244
0.3373566 -0.3383484 -0.006500244
0.3373566 -0.3114014 0.02043152
0.3373566 -0.2844543 -0.006500244
0.3373566 -0.3114014 -0.03344727
1.020462 -0.3383484 -0.006500244
1.020462 -0.3114014 0.02043152
1.020462 -0.2844543 -0.006500244
1.020462 -0.3114014 -0.03344727
1.020462 -0.3114014 -0.006500244

[ShFaces]
4 0 5
5 0 1
5 1 6
6 1 2
6 2 7
7 2 3
7 3 4
4 3 0
5 8 4
6 8 5
7 8 6
4 8 7
14 9 13
10 9 14
15 10 14
11 10 15
16 11 15
12 11 16
13 12 16
9 12 13
13 17 14
14 17 15
15 17 16
16 17 13

[LOD1_Materials]
Kloss1D0o

[LOD1_FaceGroups]
74 48
0 0 74 0 48 0

[LOD1_Vertices_Frame0]
-0.2668762 -0.3635864 -0.07775879 4.577637E-05 0 -1
-0.2668762 -0.3635864 -0.07775879 -1 0 0
-0.2668762 -0.3635864 -0.07775879 0 -1 0
-0.2668762 -0.2617188 -0.07772827 4.577637E-05 0 -1
-0.2668762 -0.2617188 -0.07772827 -1 0 0
-0.2668762 -0.2617188 -0.07772827 0 1 0
0.337326 -0.3635864 -0.07772827 4.577637E-05 0 -1
0.337326 -0.3635864 -0.07772827 1 0 0
0.337326 -0.3635864 -0.07772827 0 -1 0
0.337326 -0.2617188 -0.07772827 4.577637E-05 0 -1
0.337326 -0.2617188 -0.07772827 0 1 0
0.337326 -0.2617188 -0.07772827 1 0 0
-0.2668762 -0.3635864 0.0712738 0 0 1
-0.2668762 -0.3635864 0.0712738 -1 0 0
-0.2668762 -0.3635864 0.0712738 0 -1 0
-0.2668762 -0.2617188 0.0712738 0 0 1
-0.2668762 -0.2617188 0.0712738 -1 0 0
-0.2668762 -0.2617188 0.0712738 0 1 0
0.337326 -0.3635864 0.0712738 0 0 1
0.337326 -0.3635864 0.0712738 1 0 0
0.337326 -0.3635864 0.0712738 0 -1 0
0.337326 -0.2617188 0.0712738 0 0 1
0.337326 -0.2617188 0.0712738 0 1 0
0.337326 -0.2617188 0.0712738 1 0 0
-0.2668762 0.3629913 -0.07772827 4.577637E-05 0 -1
-0.2668762 0.3629913 -0.07772827 -1 0 0
-0.2668762 0.3629913 -0.07772827 0 1 0
-0.2668762 0.2611237 -0.07772827 4.577637E-05 0 -1
-0.2668762 0.2611237 -0.07772827 -1 0 0
-0.2668762 0.2611237 -0.07772827 0 -1 0
0.337326 0.3629913 -0.07772827 4.577637E-05 0 -1
0.337326 0.3629913 -0.07772827 0 1 0
0.337326 0.3629913 -0.07772827 1 0 0
0.337326 0.2611237 -0.07772827 4.577637E-05 0 -1
0.337326 0.2611237 -0.07772827 1 0 0
0.337326 0.2611237 -0.07772827 0 -1 0
-0.2668762 0.3629913 0.0712738 0 0 1
-0.2668762 0.3629913 0.0712738 -1 0 0
-0.2668762 0.3629913 0.0712738 0 1 0
-0.2668762 0.2611237 0.0712738 0 0 1
-0.2668762 0.2611237 0.0712738 -1 0 0
-0.2668762 0.2611237 0.0712738 0 -1 0
0.337326 0.3629913 0.0712738 0 0 1
0.337326 0.3629913 0.0712738 0 1 0
0.337326 0.3629913 0.0712738 1 0 0
0.337326 0.2611237 0.0712738 0 0 1
0.337326 0.2611237 0.0712738 1 0 0
0.337326 0.2611237 0.0712738 0 -1 0
0.3372955 0.33992 -0.006500244 0 0.9486694 0.3162079
0.3372955 0.312973 0.02043152 0 -0.3162231 0.9486694
0.3372955 0.286026 -0.006500244 0 -0.9486694 -0.3162231
0.3372955 0.312973 -0.03344727 0 0.3162079 -0.9486694
1.020401 0.33992 -0.006500244 1 0 0
1.020401 0.33992 -0.006500244 0 0.9486694 -0.3162231
1.020401 0.312973 0.02043152 1 0 0
1.020401 0.312973 0.02043152 0 0.3162079 0.9486694
1.020401 0.286026 -0.006500244 1 0 0
1.020401 0.286026 -0.006500244 0 -0.9486694 0.3162079
1.020401 0.312973 -0.03344727 1 0 0
1.020401 0.312973 -0.03344727 0 -0.3162231 -0.9486694
1.020401 0.312973 -0.006500244 1 0 0
0.3372955 -0.3383484 -0.006500244 0 -0.9486694 0.3162079
0.3372955 -0.3114014 0.02043152 0 0.3162079 0.9486694
0.3372955 -0.2844543 -0.006500244 0 0.9486694 -0.3162231
0.3372955 -0.3114014 -0.03344727 0 -0.3162231 -0.9486694
1.020401 -0.3383484 -0.006500244 1 0 0
1.020401 -0.3383484 -0.006500244 0 -0.9486694 -0.3162231
1.020401 -0.3114014 0.02043152 1 0 0
1.020401 -0.3114014 0.02043152 0 -0.3162231 0.9486694
1.020401 -0.2844543 -0.006500244 1 0 0
1.020401 -0.2844543 -0.006500244 0 0.9486694 0.3162079
1.020401 -0.3114014 -0.03344727 1 0 0
1.020401 -0.3114014 -0.03344727 0 0.3162079 -0.9486694
1.020401 -0.3114014 -0.006500244 1 0 0

[LOD1_MaterialMapping]
0.7519379 0.8808441
0.6631927 0.8819427
0.7519379 0.8720551
0.7519379 0.8701019
0.6728363 0.8819427
0.7519379 0.8720551
0.675766 0.8808441
0.6631927 0.8819427
0.675766 0.8720551
0.675766 0.8701019
0.675766 0.8720551
0.6728363 0.8819427
0.7519379 0.8808441
0.6631927 0.8674164
0.7519379 0.8544769
0.7519379 0.8701019
0.6728363 0.8674164
0.7519379 0.8544769
0.675766 0.8808441
0.6631927 0.8674164
0.675766 0.8544769
0.675766 0.8701019
0.675766 0.8544769
0.6728363 0.8674164
0.7519379 0.8808441
0.6631927 0.8819427
0.7519379 0.8720551
0.7519379 0.8701019
0.6728363 0.8819427
0.7519379 0.8720551
0.675766 0.8808441
0.675766 0.8720551
0.6631927 0.8819427
0.675766 0.8701019
0.6728363 0.8819427
0.675766 0.8720551
0.7519379 0.8808441
0.6631927 0.8674164
0.7519379 0.8544769
0.7519379 0.8701019
0.6728363 0.8674164
0.7519379 0.8544769
0.675766 0.8808441
0.675766 0.8544769
0.6631927 0.8674164
0.675766 0.8701019
0.6728363 0.8674164
0.675766 0.8544769
0.6856537 0.8608246
0.6856537 0.864975
0.6856537 0.8608246
0.6856537 0.8566742
0.6032562 0.859848
0.5859222 0.8608246
0.5970306 0.8537445
0.5859222 0.864975
0.5909271 0.859848
0.5859222 0.8608246
0.5970306 0.8660736
0.5859222 0.8566742
0.5970306 0.859848
0.6856537 0.8608246
0.6856537 0.864975
0.6856537 0.8608246
0.6856537 0.8566742
0.6032562 0.859848
0.5859222 0.8608246
0.5970306 0.8537445
0.5859222 0.864975
0.5909271 0.859848
0.5859222 0.8608246
0.5970306 0.8660736
0.5859222 0.8566742
0.5970306 0.859848

[LOD1_Faces]
6 0 9
3 9 0
15 12 21
18 21 12
4 1 16
13 16 1
10 5 22
17 22 5
7 11 19
23 19 11
2 8 14
20 14 8
33 24 30
24 33 27
45 36 39
36 45 42
40 25 28
25 40 37
47 29 35
29 47 41
44 34 32
34 44 46
38 31 26
31 38 43
53 48 55
55 48 49
55 49 57
57 49 50
57 50 59
59 50 51
59 51 53
53 51 48
54 60 52
56 60 54
58 60 56
52 60 58
68 61 66
62 61 68
70 62 68
63 62 70
72 63 70
64 63 72
66 64 72
61 64 66
65 73 67
67 73 69
69 73 71
71 73 65

[LOD2_Materials]
Kloss1D0p

[LOD2_FaceGroups]
74 48
0 0 74 0 48 0

[LOD2_Vertices_Frame0]
-0.2668152 -0.3635864 -0.07775879 4.577637E-05 0 -1
-0.2668152 -0.3635864 -0.07775879 -1 0 0
-0.2668152 -0.3635864 -0.07775879 0 -1 0
-0.2668152 -0.2617188 -0.07772827 4.577637E-05 0 -1
-0.2668152 -0.2617188 -0.07772827 -1 0 0
-0.2668152 -0.2617188 -0.07772827 0 1 0
0.3373871 -0.3635864 -0.07772827 4.577637E-05 0 -1
0.3373871 -0.3635864 -0.07772827 1 0 0
0.3373871 -0.3635864 -0.07772827 0 -1 0
0.3373871 -0.2617188 -0.07772827 4.577637E-05 0 -1
0.3373871 -0.2617188 -0.07772827 0 1 0
0.3373871 -0.2617188 -0.07772827 1 0 0
-0.2668152 -0.3635864 0.0712738 0 0 1
-0.2668152 -0.3635864 0.0712738 -1 0 0
-0.2668152 -0.3635864 0.0712738 0 -1 0
-0.2668152 -0.2617188 0.0712738 0 0 1
-0.2668152 -0.2617188 0.0712738 -1 0 0
-0.2668152 -0.2617188 0.0712738 0 1 0
0.3373871 -0.3635864 0.0712738 0 0 1
0.3373871 -0.3635864 0.0712738 1 0 0
0.3373871 -0.3635864 0.0712738 0 -1 0
0.3373871 -0.2617188 0.0712738 0 0 1
0.3373871 -0.2617188 0.0712738 0 1 0
0.3373871 -0.2617188 0.0712738 1 0 0
-0.2668152 0.3629913 -0.07772827 4.577637E-05 0 -1
-0.2668152 0.3629913 -0.07772827 -1 0 0
-0.2668152 0.3629913 -0.07772827 0 1 0
-0.2668152 0.2611237 -0.07772827 4.577637E-05 0 -1
-0.2668152 0.2611237 -0.07772827 -1 0 0
-0.2668152 0.2611237 -0.07772827 0 -1 0
0.3373871 0.3629913 -0.07772827 4.577637E-05 0 -1
0.3373871 0.3629913 -0.07772827 0 1 0
0.3373871 0.3629913 -0.07772827 1 0 0
0.3373871 0.2611237 -0.07772827 4.577637E-05 0 -1
0.3373871 0.2611237 -0.07772827 1 0 0
0.3373871 0.2611237 -0.07772827 0 -1 0
-0.2668152 0.3629913 0.0712738 0 0 1
-0.2668152 0.3629913 0.0712738 -1 0 0
-0.2668152 0.3629913 0.0712738 0 1 0
-0.2668152 0.2611237 0.0712738 0 0 1
-0.2668152 0.2611237 0.0712738 -1 0 0
-0.2668152 0.2611237 0.0712738 0 -1 0
0.3373871 0.3629913 0.0712738 0 0 1
0.3373871 0.3629913 0.0712738 0 1 0
0.3373871 0.3629913 0.0712738 1 0 0
0.3373871 0.2611237 0.0712738 0 0 1
0.3373871 0.2611237 0.0712738 1 0 0
0.3373871 0.2611237 0.0712738 0 -1 0
0.3373566 0.33992 -0.006500244 0 0.9486694 0.3162079
0.3373566 0.312973 0.02043152 0 -0.3162231 0.9486694
0.3373566 0.286026 -0.006500244 0 -0.9486694 -0.3162231
0.3373566 0.312973 -0.03344727 0 0.3162079 -0.9486694
1.020462 0.33992 -0.006500244 1 0 0
1.020462 0.33992 -0.006500244 0 0.9486694 -0.3162231
1.020462 0.312973 0.02043152 1 0 0
1.020462 0.312973 0.02043152 0 0.3162079 0.9486694
1.020462 0.286026 -0.006500244 1 0 0
1.020462 0.286026 -0.006500244 0 -0.9486694 0.3162079
1.020462 0.312973 -0.03344727 1 0 0
1.020462 0.312973 -0.03344727 0 -0.3162231 -0.9486694
1.020462 0.312973 -0.006500244 1 0 0
0.3373566 -0.3383484 -0.006500244 0 -0.9486694 0.3162079
0.3373566 -0.3114014 0.02043152 0 0.3162079 0.9486694
0.3373566 -0.2844543 -0.006500244 0 0.9486694 -0.3162231
0.3373566 -0.3114014 -0.03344727 0 -0.3162231 -0.9486694
1.020462 -0.3383484 -0.006500244 1 0 0
1.020462 -0.3383484 -0.006500244 0 -0.9486694 -0.3162231
1.020462 -0.3114014 0.02043152 1 0 0
1.020462 -0.3114014 0.02043152 0 -0.3162231 0.9486694
1.020462 -0.2844543 -0.006500244 1 0 0
1.020462 -0.2844543 -0.006500244 0 0.9486694 0.3162079
1.020462 -0.3114014 -0.03344727 1 0 0
1.020462 -0.3114014 -0.03344727 0 0.3162079 -0.9486694
1.020462 -0.3114014 -0.006500244 1 0 0

[LOD2_MaterialMapping]
0.7519379 0.8808441
0.6631927 0.8819427
0.7519379 0.8720551
0.7519379 0.8701019
0.6728363 0.8819427
0.7519379 0.8720551
0.675766 0.8808441
0.6631927 0.8819427
0.675766 0.8720551
0.675766 0.8701019
0.675766 0.8720551
0.6728363 0.8819427
0.7519379 0.8808441
0.6631927 0.8674164
0.7519379 0.8544769
0.7519379 0.8701019
0.6728363 0.8674164
0.7519379 0.8544769
0.675766 0.8808441
0.6631927 0.8674164
0.675766 0.8544769
0.675766 0.8701019
0.675766 0.8544769
0.6728363 0.8674164
0.7519379 0.8808441
0.6631927 0.8819427
0.7519379 0.8720551
0.7519379 0.8701019
0.6728363 0.8819427
0.7519379 0.8720551
0.675766 0.8808441
0.675766 0.8720551
0.6631927 0.8819427
0.675766 0.8701019
0.6728363 0.8819427
0.675766 0.8720551
0.7519379 0.8808441
0.6631927 0.8674164
0.7519379 0.8544769
0.7519379 0.8701019
0.6728363 0.8674164
0.7519379 0.8544769
0.675766 0.8808441
0.675766 0.8544769
0.6631927 0.8674164
0.675766 0.8701019
0.6728363 0.8674164
0.675766 0.8544769
0.6856537 0.8608246
0.6856537 0.864975
0.6856537 0.8608246
0.6856537 0.8566742
0.6032562 0.859848
0.5859222 0.8608246
0.5970306 0.8537445
0.5859222 0.864975
0.5909271 0.859848
0.5859222 0.8608246
0.5970306 0.8660736
0.5859222 0.8566742
0.5970306 0.859848
0.6856537 0.8608246
0.6856537 0.864975
0.6856537 0.8608246
0.6856537 0.8566742
0.6032562 0.859848
0.5859222 0.8608246
0.5970306 0.8537445
0.5859222 0.864975
0.5909271 0.859848
0.5859222 0.8608246
0.5970306 0.8660736
0.5859222 0.8566742
0.5970306 0.859848

[LOD2_Faces]
6 0 9
3 9 0
15 12 21
18 21 12
4 1 16
13 16 1
10 5 22
17 22 5
7 11 19
23 19 11
2 8 14
20 14 8
33 24 30
24 33 27
45 36 39
36 45 42
40 25 28
25 40 37
47 29 35
29 47 41
44 34 32
34 44 46
38 31 26
31 38 43
53 48 55
55 48 49
55 49 57
57 49 50
57 50 59
59 50 51
59 51 53
53 51 48
54 60 52
56 60 54
58 60 56
52 60 58
68 61 66
62 61 68
70 62 68
63 62 70
72 63 70
64 63 72
66 64 72
61 64 66
65 73 67
67 73 69
69 73 71
71 73 65

[CoCommon]
NBlocks 1

[CoCommon_b0]
NParts 2

[CoCommon_b0p0]
Type Mesh
NFrames 1
Name xmgun03

[CoVer0_b0p0]
-0.187378 0.283234 -0.0940247
-0.187378 0.340515 -0.0940247
-0.187378 0.311859 0.015625
1.02069 0.311859 -0.0167847
1.02069 0.283234 0.015625
1.02069 0.340515 0.0156555

[CoNeiCnt_b0p0]
4
4
4
4
4
4

[CoNei_b0p0]
2
1
3
4
2
0
3
5
1
0
5
4
5
4
0
1
5
3
2
0
4
3
1
2

[CoFac_b0p0]
2 1 0
5 4 3
0 1 3
1 2 5
5 3 1
4 5 2
4 0 3
0 4 2

[CoCommon_b0p1]
Type Mesh
NFrames 1
Name xmgun04

[CoVer0_b0p1]
-0.187378 -0.340729 -0.0940247
-0.187378 -0.283447 -0.0940247
-0.187378 -0.312103 0.015625
1.02069 -0.312103 -0.0167847
1.02069 -0.340729 0.015625
1.02069 -0.283447 0.015625

[CoNeiCnt_b0p1]
4
4
4
4
4
4

[CoNei_b0p1]
2
1
3
4
2
0
3
5
1
0
5
4
5
4
0
1
5
3
2
0
4
3
1
2

[CoFac_b0p1]
2 1 0
5 4 3
0 1 3
1 2 5
5 3 1
4 5 2
4 0 3
0 4 2


; eof