[_ROOT_]
VisibilitySphere 22.00000
[zFuelWarning1]
Mesh zFuelWarning1
Parent _ROOT_
Hidden
Attaching -0.993277 -0.0088479 0.115423 0.0986217 0.457347 0.883803 -0.0606096 0.889259 -0.45337 3.59629 -0.00638 1.17891
[zFuelWarning2]
Mesh zFuelWarning2
Parent _ROOT_
Hidden
Attaching -0.993277 -0.0088479 0.115423 0.0986217 0.457347 0.883803 -0.0606096 0.889259 -0.45337 3.34676 -0.00753 1.21
[Z_GearLRed1]
Mesh Z_GearLRed1
Parent _ROOT_
Hidden
Attaching 0.382684 -0.921032 -0.0724777 0.360988 0.0768382 0.929399 -0.850432 -0.381838 0.361892 3.82922 0.57154 0.48476
[Z_GearRRed1]
Mesh Z_GearRRed1
Parent _ROOT_
Hidden
Attaching 0.382684 -0.921032 -0.0724777 0.360988 0.0768382 0.929399 -0.850432 -0.381838 0.361892 3.84017 0.55192 0.48258
[Z_GearLGreen1]
Mesh Z_GearLGreen1
Parent _ROOT_
Hidden
Attaching 0.382684 -0.921032 -0.0724777 0.360988 0.0768382 0.929399 -0.850432 -0.381838 0.361892 3.82329 0.57414 0.46635
[Z_GearRGreen1]
Mesh Z_GearRGreen1
Parent _ROOT_
Hidden
Attaching 0.382684 -0.921032 -0.0724777 0.360988 0.0768382 0.929399 -0.850432 -0.381838 0.361892 3.83432 0.54759 0.46426
[zBlip1]
Mesh zBlip1
Parent _ROOT_
Attaching 0 0 1 0.05233 0.99863 0 -0.99863 0.05233 0 11.56585 0.1509 0.96407
[Body]
Mesh Body
Parent _ROOT_
Attaching 0 1 0 -1 0 0 0 0 1 10.79675 -0.02293 0.2136
[PanelFront]
Mesh PanelFront
Parent _ROOT_
Attaching -0.0610515 -0.998135 0 0 0 1 -0.998135 0.0610515 0 11.09826 -0.0937 0.88763
[PanelL_D0]
Mesh PanelL_D0
Parent _ROOT_
Attaching 0 1 0 -1 0 0 0 0 1 11.12713 0.38589 0.882
[PanelL_D1]
Mesh PanelL_D1
Parent _ROOT_
Hidden
Attaching 0 1 0 -1 0 0 0 0 1 4.12713 0.38589 0.882
[PanelR_D0]
Mesh PanelR_D0
Parent _ROOT_
Attaching -0.0610515 -0.998135 0 0 0 1 -0.998135 0.0610515 0 11.09312 -0.17019 0.94915
[PanelR_D1]
Mesh PanelR_D1
Parent _ROOT_
Hidden
Attaching -0.0610515 -0.998135 0 0 0 1 -0.998135 0.0610515 0 4.09302 -0.17019 0.94915
[PanelT_D0]
Mesh PanelT_D0
Parent _ROOT_
Attaching -0.993276 -0.00883536 0.115428 0.0986297 0.457352 0.883799 -0.060596 0.88926 -0.453371 10.64298 -0.01786 1.15613
[PanelT_D1]
Mesh PanelT_D1
Parent _ROOT_
Hidden
Attaching -0.993276 -0.00883536 0.115428 0.0986297 0.457352 0.883799 -0.060596 0.88926 -0.453371 3.64298 -0.01786 1.15613
[PanelFloat_D0]
Mesh PanelFloat_D0
Parent _ROOT_
Attaching 0.30596 -0.938381 -0.160715 0.739021 0.127614 0.661485 -0.600216 -0.32115 0.732532 10.86636 0.60274 0.48881
[PanelFloat_D1]
Mesh PanelFloat_D1
Parent _ROOT_
Hidden
Attaching -0.0122252 -0.716117 -0.697873 0.944799 -0.236799 0.226455 -0.327442 -0.656578 0.679476 3.86636 0.60274 0.40477
[Left]
Mesh Left
Parent _ROOT_
Attaching 0 1 0 -1 0 0 0 0 1 10.40939 0.7317 0.20744
[Seat]
Mesh Seat
Parent _ROOT_
Attaching 0 1 0 -1 0 0 0 0 1 10.34273 0.31672 0.21624
[zColumn1]
Mesh zColumn1
Parent _ROOT_
Attaching 0 -1 0 1 0 0 0 0 1 10.61446 0.30836 0.01284
[zColumn2]
Mesh zColumn2
Parent zColumn1
Attaching 0 1 0 -1 0 0 0 0 1 -0.01966 0.11121 0.56394
[zPedalL]
Mesh zPedalL
Parent _ROOT_
Attaching 0 -1 0 0 0 1 -1 0 0 11.18669 0.47669 -0.12238
[zPedalR]
Mesh zPedalR
Parent _ROOT_
Attaching 0 1 0 0 0 1 1 0 0 11.18669 0.15811 -0.12238
[zTurretA]
Mesh zTurretA
Parent _ROOT_
Hidden
Attaching 1 0 0 0 0 -1 0 1 0 12.4582 -0.1816 0.11645
[zTurretB]
Mesh zTurretB
Parent zTurretA
Attaching 1 0 0 0 0 1 0 -1 0 0 0 0
[zOilFlap1]
Mesh zOilFlap1
Parent Body
Attaching 1 0 0 0 0.95372 -0.300696 0 0.300696 0.95372 0.7252 0.56081 -0.02638
[zOilFlap2]
Mesh zOilFlap2
Parent Body
Attaching 1 0 0 0 0.95372 -0.300696 0 0.300696 0.95372 0.63299 0.56081 -0.02638
[zMix1]
Mesh zMix1
Parent Body
Attaching 1 0 0 0 0.996196 -0.0871401 0 0.0871401 0.996196 0.69318 0.51823 -0.10849
[zMix2]
Mesh zMix2
Parent Body
Attaching 1 0 0 0 0.996196 -0.0871401 0 0.0871401 0.996196 0.66407 0.51823 -0.10849
[zFlaps1]
Mesh zFlaps1
Parent Body
Attaching -1 0 0 0 -0.878826 0.477143 0 0.477143 0.878826 0.77143 0.35794 0.07206
[zPitch1]
Mesh zPitch1
Parent Body
Attaching 1 0 0 0 0.566415 -0.82412 0 0.82412 0.566415 0.71469 0.34972 0.08929
[zPitch2]
Mesh zPitch2
Parent Body
Attaching 1 0 0 0 0.566415 -0.82412 0 0.82412 0.566415 0.64515 0.34972 0.08929
[zThrottle1]
Mesh zThrottle1
Parent Body
Attaching 1 0 0 0 0.81915 -0.573579 0 0.573579 0.81915 0.68166 0.181 0.04395
[zThrottle2]
Mesh zThrottle2
Parent Body
Attaching 1 0 0 0 0.81915 -0.573579 0 0.573579 0.81915 0.66099 0.181 0.04395
[zCompressor1]
Mesh zCompressor1
Parent Body
Attaching 1 0 0 0 0.906311 -0.422611 0 0.422611 0.906311 0.70432 0.181 0.04395
[zCompressor2]
Mesh zCompressor2
Parent Body
Attaching 1 0 0 0 0.906311 -0.422611 0 0.422611 0.906311 0.63215 0.181 0.04395
[zHour]
Mesh zHour
Parent zColumn1
Attaching -0.00410677 0.191548 0.981475 0.997643 -0.0664433 0.0171188 0.0684726 0.979236 -0.190807 0.000320017 0.13638 0.65659
[zMinute]
Mesh zMinute
Parent zColumn1
Attaching -0.00410677 0.191548 0.981475 0.997643 -0.0664433 0.0171188 0.0684726 0.979236 -0.190807 0.000380009 0.13702 0.65642
[zSecond]
Mesh zSecond
Parent zColumn1
Attaching -0.00410677 0.191548 0.981475 0.997643 -0.0664433 0.0171188 0.0684726 0.979236 -0.190807 0.000380009 0.13595 0.65642
[zAH1]
Mesh zAH1
Parent Body
Attaching -0.05234 -0.998629 0 0.998629 -0.05234 0 0 0 1 0.40908 -0.37518 0.67022
[zAH2]
Mesh zAH2
Parent zAH1
Attaching -1.20096e-009 1 0 0 0 1 1 1.20096e-009 0 0.227952 1.10316e-005 -1.00732e-005
[zTurnBank]
Mesh zTurnBank
Parent Body
Attaching 0 0 1 -0.998137 0.0610168 0 -0.0610168 -0.998137 0 0.29737 -0.32145 0.61224
[zBall]
Mesh zBall
Parent Body
Attaching 0.998137 -0.0610168 0 0 0 1 -0.0610168 -0.998137 0 0.29789 -0.32172 0.79759
[zBall2]
Mesh zBall2
Parent Body
Attaching 0.998137 -0.0610168 0 0 0 1 -0.0610168 -0.998137 0 -0.02695 -0.29155 0.73184
[zVSI]
Mesh zVSI
Parent Body
Attaching -0.998095 0.061073 0.00872472 -0.00872498 0.000524811 -0.999962 -0.0610754 -0.998133 0 0.19833 -0.31479 0.64271
[zSpeed]
Mesh zSpeed
Parent Body
Attaching -0.00870244 0.000511908 -0.999962 0.998099 -0.0610182 -0.00870227 -0.0610206 -0.998137 0 0.09707 -0.31067 0.75133
[zAlt1]
Mesh zAlt1
Parent Body
Attaching 0 0 -1 0.998133 -0.0610754 0 -0.0610754 -0.998133 0 0.09902 -0.30871 0.64658
[zAlt2]
Mesh zAlt2
Parent Body
Attaching -0.998135 0.0610388 0 0 0 -1 -0.0610388 -0.998135 0 0.09881 -0.30926 0.64649
[zRepeater]
Mesh zRepeater
Parent Body
Attaching 0.998135 -0.0610515 0 0 0 1 -0.0610515 -0.998135 0 -0.02504 -0.30257 0.76056
[zCompass]
Mesh zCompass
Parent Body
Attaching 0 0 1 -0.998135 0.0610464 0 -0.0610464 -0.998135 0 -0.02493 -0.30234 0.76055
[zMagnetic]
Mesh zMagnetic
Parent Body
Attaching 0.974373 -0.224937 0 0.224937 0.974373 0 0 0 1 -0.03091 -0.34562 0.62321
[zNavP]
Mesh zNavP
Parent Body
Attaching 0.0610503 0.998135 0 0.998135 -0.0610503 0 0 0 -1 0.29535 -0.3618 0.73053
[zRPM1]
Mesh zRPM1
Parent Body
Attaching -0.00870244 0.000511908 -0.999962 0.998099 -0.0610182 -0.00870227 -0.0610206 -0.998137 0 -0.14659 -0.29629 0.73533
[zRPM2]
Mesh zRPM2
Parent Body
Attaching -0.00870244 0.000511908 -0.999962 0.998099 -0.0610182 -0.00870227 -0.0610206 -0.998137 0 -0.25159 -0.28987 0.73471
[zBoost1]
Mesh zBoost1
Parent Body
Attaching 0.241425 -0.0147435 -0.970307 0.968478 -0.0592821 0.24194 -0.0610206 -0.998137 0 -0.15233 -0.29533 0.63685
[zBoost2]
Mesh zBoost2
Parent Body
Attaching 0.233032 -0.0142317 -0.972365 0.97056 -0.0593802 0.233426 -0.0610206 -0.998137 0 -0.25123 -0.28928 0.63584
[zOilTemp1]
Mesh zOilTemp1
Parent Body
Attaching 0.904618 -0.0553252 0.422618 -0.421817 0.0257853 0.906314 -0.0610515 -0.998135 0 -0.3363 -0.28373 0.6956
[zOilTemp2]
Mesh zOilTemp2
Parent Body
Attaching 0.904618 -0.0553252 0.422618 -0.421817 0.0257853 0.906314 -0.0610515 -0.998135 0 -0.40622 -0.27945 0.6956
[zCoolant1]
Mesh zCoolant1
Parent Body
Attaching 0.885355 -0.0541497 -0.461751 -0.460876 0.0281743 -0.887017 0.0610515 0.998135 0 -0.33805 -0.28362 0.63113
[zCoolant2]
Mesh zCoolant2
Parent Body
Attaching 0.881294 -0.0538841 -0.469485 -0.468603 0.0286668 -0.882944 0.0610515 0.998135 0 -0.40622 -0.27945 0.63113
[zOFP1-1]
Mesh zOFP1-1
Parent Body
Attaching 0.922158 -0.0563859 0.382681 0.381967 -0.0233587 -0.923881 0.0610515 0.998135 0 -0.47269 -0.27371 0.68452
[zOFP1-2]
Mesh zOFP1-2
Parent Body
Attaching 0.922158 -0.0563859 -0.382681 -0.381967 0.0233587 -0.923881 0.0610515 0.998135 0 -0.47279 -0.27536 0.68452
[zOFP1-3]
Mesh zOFP1-3
Parent Body
Attaching -0.410754 -0.330383 -0.849781 0.201294 -0.9419 0.268898 -0.889243 -0.0606069 0.453402 -0.00548 0.50178 0.96645
[zOFP1-4]
Mesh zOFP1-4
Parent Body
Attaching -0.413235 0.531462 -0.739449 0.196153 0.844924 0.497621 0.889243 0.0606069 -0.453402 -0.00598 0.50174 0.9667
[zOFP2-1]
Mesh zOFP2-1
Parent Body
Attaching 0.918791 -0.0561968 0.390723 0.390005 -0.0238516 -0.920504 0.0610515 0.998135 0 -0.47504 -0.27357 0.62401
[zOFP2-2]
Mesh zOFP2-2
Parent Body
Attaching 0.893265 -0.0546417 -0.446197 -0.445363 0.0272261 -0.894936 0.0610515 0.998135 0 -0.47514 -0.27522 0.62401
[zOFP2-3]
Mesh zOFP2-3
Parent Body
Attaching -0.410754 -0.330383 -0.849781 0.201294 -0.9419 0.268898 -0.889243 -0.0606069 0.453402 -0.00548 0.59433 0.97488
[zOFP2-4]
Mesh zOFP2-4
Parent Body
Attaching -0.413235 0.531462 -0.739449 0.196153 0.844924 0.497621 0.889243 0.0606069 -0.453402 -0.00598 0.59433 0.97488
[zFuel1]
Mesh zFuel1
Parent Body
Attaching 0.16472 -0.967108 0.193829 0.426704 0.247031 0.87 -0.889248 -0.0606046 0.453392 0.00129 0.2521 0.94827
[zFuel2]
Mesh zFuel2
Parent Body
Attaching 0.16472 -0.967108 0.193829 0.426704 0.247031 0.87 -0.889248 -0.0606046 0.453392 0.00059 0.3224 0.95629
[zExtT]
Mesh zExtT
Parent Body
Attaching 0.457324 -0.0986169 0.883815 -0.0088344 0.993275 0.115442 -0.889275 -0.0605648 0.453344 0.00936 0.54526 1.00435
[zPatin]
Mesh zPatin
Parent Body
Attaching 0 1 0 0 0 1 1 0 0 -0.64192 -0.04036 0.14176
[zProp1-1]
Mesh zProp1-1
Parent Body
Attaching 0.0804189 -0.376695 0.92284 -0.923612 -0.376291 -0.0731225 0.374848 -0.846461 -0.378143 0.65007 -0.06478 0.30965
[zProp1-2]
Mesh zProp1-2
Parent Body
Attaching 0.0804189 -0.376695 0.92284 -0.923612 -0.376291 -0.0731225 0.374848 -0.846461 -0.378143 0.64977 -0.06411 0.30995
[zProp2-1]
Mesh zProp2-1
Parent Body
Attaching 0.0804189 -0.376695 0.92284 -0.923612 -0.376291 -0.0731225 0.374848 -0.846461 -0.378143 0.58777 -0.08693 0.29953
[zProp2-2]
Mesh zProp2-2
Parent Body
Attaching 0.0804189 -0.376695 0.92284 -0.923612 -0.376291 -0.0731225 0.374848 -0.846461 -0.378143 0.58807 -0.0862799 0.2997
[zFlapsIL]
Mesh zFlapsIL
Parent Body
Attaching 0.316702 -0.266431 0.910338 0.871324 0.460974 -0.168218 -0.374848 0.846461 0.378143 0.65305 -0.0131099 0.26169
[zFlapsIR]
Mesh zFlapsIR
Parent Body
Attaching -0.161408 -0.46124 0.872471 -0.912939 -0.265994 -0.309498 0.374848 -0.846461 -0.378143 0.64523 -0.0163 0.26107
[zGlass]
Mesh zGlass
Parent _ROOT_
Attaching 0 1 0 -1 0 0 0 0 1 11.09828 -0.03325 0.30193
[zHolesR_D1]
Mesh zHolesR_D1
Parent _ROOT_
Hidden
Attaching 0 1 0 -1 0 0 0 0 1 10.37776 -0.6435 0.88906
[zHolesR_D2]
Mesh zHolesR_D2
Parent _ROOT_
Hidden
Attaching 0 1 0 -1 0 0 0 0 1 11.19431 -0.71056 0.57245
[zHolesL_D1]
Mesh zHolesL_D1
Parent _ROOT_
Hidden
Attaching 0 1 0 -1 0 0 0 0 1 9.87136 0.28805 1.29109
[zHolesL_D2]
Mesh zHolesL_D2
Parent _ROOT_
Hidden
Attaching 0 1 0 -1 0 0 0 0 1 11.14631 0.62296 0.64036
[zHolesF_D1]
Mesh zHolesF_D1
Parent _ROOT_
Hidden
Attaching 0 1 0 -1 0 0 0 0 1 12.31531 -0.44152 0.03652
[zOil_D1]
Mesh zOil_D1
Parent _ROOT_
Hidden
Attaching 0 1 0 -1 0 0 0 0 1 10.2049 -0.03356 0.70006
