[_ROOT_]
VisibilitySphere 1.89129
[Body]
Mesh Body
hidden
Parent _ROOT_
Attaching 0 0.935 0 -1 0 0 0 0 0.935 1.75268 -0.028 0.595
[Body87]
Mesh Body87
Parent _ROOT_
hidden
Attaching 0 1 0 -1 0 0 0 0 1 0.447682 -0.09 0.512452
[TurretA]
Mesh TurretA
Parent body87
hidden
Attaching 1 0 0 0 0 1 0 -1 0 0.0002 -0.36346 0.72496
[TurretB]
Mesh TurretB
Parent TurretA
Attaching 0 0 1 1 0 0 0 1 0 -0.0002 0.06936 -0.26165
[Hose]
Mesh Hose
Parent body87
Attaching 0.00305002 0.178281 0.983975 -0.00101 -0.983978 0.17829 0.999995 -0.00154001 -0.00282001 0 -0.0622599 0.18128
[PatronsL]
Mesh PatronsL
Parent body87
Attaching -0.861709 -0.50721 0.01397 0.50656 -0.86153 -0.03411 0.02934 -0.02232 0.99932 -0.34959 -0.23089 0.37499
[PatronsL_add]
Mesh PatronsL_add
Parent PatronsL
Attaching -0.826331 0.521453 -0.212738 -0.562712 -0.779892 0.274102 -0.0229703 0.346204 0.937876 -0.262281 -0.0021978 0.286063
[PatronsR]
Mesh PatronsR
Parent body87
Attaching -0.866027 0.499998 0 -0.499998 -0.866027 0 0 0 1 0.34959 -0.23089 0.37499
[PatronsR_add]
Mesh PatronsR_add
Parent PatronsR
Attaching -0.821781 -0.569023 0.0298101 0.543539 -0.767122 0.340719 -0.17101 0.296199 0.939692 0.266305 0.00532547 0.28228
[IBone]
Mesh IBone
Parent TurretB
Hidden
Attaching -1 0 0 0 -1 0 0 0 1 -0.0499499 -0.00575 0.02124
[CF_D0]
Mesh CF_D0
Parent _ROOT_
Attaching 0 0.965927 -0.258815 0 0.258815 0.965927 1 0 0 0.74562 0.00542 0.63984
[Blister1_D0]
Mesh Blister1_D0
Parent CF_D0
Separable
Attaching 0 0 1 0.965927 0.258815 0 -0.258815 0.965927 0 0.278495 0.704845 0.99897
[Blister2_D0]
Mesh Blister2_D0
Parent CF_D0
Separable
Attaching 0 0 1 0.965927 0.258815 0 -0.258815 0.965927 0 -0.144651 0.783157 0.99897
[Pilot3_D0]
Mesh Pilot3_D0
Parent CF_D0
Attaching -0.965927 -0.258815 0 -0.239968 0.89559 0.374611 -0.0969548 0.361847 -0.927182 0.0737258 -0.263176 -1.28419

[PanelFront]
Mesh PanelFront189
Parent Body
Attaching -0.998135 0.0610515 0 0 0 1 0.0610515 0.998135 0 -0.07077 -0.30151 0.67403
[PanelL_D0]
Mesh PanelL1_D0
Parent Body
Attaching 1 0 0 0 1 0 0 0 1 0.40882 -0.33038 0.6684
[PanelL2_D0]
Mesh PanelL2_D0
Parent Body
Attaching 0.9 0 0 0 1 0 0 0 0.9 0.472333 -0.33038 0.762408
[PanelL3_D0]
Mesh nav
Parent Body
Attaching 0.9 0 0 0 1 0 0 0 0.9 0.298311 -0.318616 0.753627
[PanelR_D0]
Mesh PanelR1_D0
Parent body
Attaching -0.998135 0.0610515 0 0 0 1 0.0610515 0.998135 0 -0.14726 -0.29637 0.73555
[PanelT_D0]
Mesh PanelT1_D0
Parent body
Attaching -0.005082 0.999901 0.013367 0.98095 0.190472 0.0382459 -0.000704 0.555251 -1.02724 0.0359968 -0.119297 0.882402
[Frame]
Mesh fr2
Parent _ROOT_
Attaching 0 1 0 -1 0 0 0 0 1 2.54135 0.08 0.918717
[zAH1]
Mesh zAH1
Parent Body
Attaching -0.05234 0.104385 1.06221 0.998634 0.005471 0.0556723 0 0.92988 -0.10453 -0.388668 0.663457 0.437224
[zAH2]
Mesh zAH2
Parent zAH1
Attaching -1.20096e-009 1 0 0 0 1 1 1.20096e-009 0 0.227952 1.10316e-005 -1.00732e-005 
[zTurnBank]
Mesh zTurnBank
Parent PanelL2_D0
Attaching 0 0 1 -0.998137 0.0610168 0 -0.0610168 -0.998137 0 -0.11145 0.00892997 -0.05616
[zBall]
Mesh zBall
Parent PanelL2_D0
Attaching 0.998137 -0.0610168 0 0 0 1 -0.0610168 -0.998137 0 -0.11093 0.008659 0.12919
[zBall2]
Mesh zBall2
Parent Body
Attaching 0.998137 -0.0610168 0 0 0 1 -0.0610168 -0.998137 0 -0.442973 -0.36 0.82
[zVSI]
Mesh zVSI
Parent PanelL2_D0
Attaching -0.998095 0.061073 0.00872472 -0.00872498 0.000524811 -0.999962 -0.0610754 -0.998133 0 -0.21049 0.01559 -0.02569
[zSpeed]
Mesh zSpeed
Parent PanelL_D0
Attaching -0.00870244 0.000511908 -0.999962 0.998099 -0.0610182 -0.00870227 -0.0610206 -0.998137 0 -0.31175 0.01971 0.08293
[zAlt1]
Mesh zAlt1
Parent PanelL2_D0
Attaching 0 0 -1 0.998133 -0.0610754 0 -0.0610754 -0.998133 0 -0.3098 0.02167 -0.02182
[zAlt2]
Mesh zAlt2
Parent PanelL2_D0
Attaching -0.998135 0.0610388 0 0 0 -1 -0.0610388 -0.998135 0 -0.31001 0.02112 -0.02191
[zRepeater]
Mesh zRepeater
Parent Body
Attaching 0.998135 -0.0610515 0 0 0 1 -0.0610515 -0.998135 0 -0.02504 -0.30257 0.76056
[zCompass]
Mesh zCompass
Parent Body
Attaching 0 0 1 -0.998135 0.0610464 0 -0.0610464 -0.998135 0 -0.02493 -0.30234 0.76055
[zNavP]
Mesh zNavP
Parent PanelL3_D0
Attaching 0.0610503 0.998135 0 0.998135 -0.0610503 0 0 0 -1 -0.11347 -0.03142 0.06213
[zRPM1]
Mesh zRPM1
Parent Body
Attaching -0.00870244 0.000511908 -0.999962 0.998099 -0.0610182 -0.00870227 -0.0610206 -0.998137 0 -0.14659 -0.29629 0.73533
[zRPM2]
Mesh zRPM2
Parent Body
Attaching -0.00870244 0.000511908 -0.999962 0.998099 -0.0610182 -0.00870227 -0.0610206 -0.998137 0 -0.25159 -0.28987 0.73471
[zOilTemp1]
Mesh zOilTemp1
Parent Body
Attaching 0.904618 -0.0553252 0.422618 -0.421817 0.0257853 0.906314 -0.0610515 -0.998135 0 -0.3363 -0.28373 0.6956
[zOilTemp2]
Mesh zOilTemp2
Parent Body
Attaching 0.904618 -0.0553252 0.422618 -0.421817 0.0257853 0.906314 -0.0610515 -0.998135 0 -0.40622 -0.27945 0.6956
[zOFP1-1]
Mesh zOFP1-1
Parent Body
Attaching 0.922158 -0.362163 0.00706 0.381967 0.846651 -0.185034 0.0610515 0.173325 1.05131 0.611955 -0.094346 -0.0865803
[zOFP1-2]
Mesh zOFP1-2
Parent Body
Attaching 0.922158 -0.342581 -0.125842 -0.381967 0.854765 -0.135828 0.0610515 0.173325 1.05131 0.611955 -0.094346 -0.0865803
[Drum1]
Mesh Drum1
Parent Cf_D0
Attaching 0.344821 0.287481 -0.89225 -0.89628 -0.17677 -0.406743 -0.274655 0.941337 0.19611 -0.469236 -0.365854 -1.46479
[Drum2]
Mesh Drum1
Parent Cf_D0
Attaching 0.344821 0.287481 -0.89225 -0.89628 -0.17677 -0.406743 -0.274655 0.941337 0.19611 -0.527953 -0.236472 -1.46479
[Drum3]
Mesh Drum1
Parent Cf_D0
Attaching 0.344821 0.287481 -0.89225 -0.89628 -0.17677 -0.406743 -0.274655 0.941337 0.19611 -0.545822 -0.0988368 -1.46479
[Drum4]
Mesh Drum1
Parent Cf_D0
Attaching 0.344821 0.287481 -0.89225 -0.89628 -0.17677 -0.406743 -0.274655 0.941337 0.19611 -0.409209 -0.34977 -2.00243
[Drum5]
Mesh Drum1
Parent Cf_D0
Attaching 0.344821 0.287481 -0.89225 -0.89628 -0.17677 -0.406743 -0.274655 0.941337 0.19611 -0.444247 -0.219007 -2.00243
[Drum11]
Mesh Drum1
Parent Cf_D0
Attaching -0.334398 0.105488 0.935261 0.905909 0.306117 0.292629 -0.256044 0.946324 -0.197289 0.517768 -0.0408095 -1.46479
[Drum22]
Mesh Drum1
Parent Cf_D0
Attaching -0.334398 0.105488 0.935261 0.905909 0.306117 0.292629 -0.256044 0.946324 -0.197289 0.490719 0.0601405 -1.46479
[Drum33]
Mesh Drum1
Parent Cf_D0
Attaching -0.334398 0.105488 0.935261 0.905909 0.306117 0.292629 -0.256044 0.946324 -0.197289 0.46103 0.170944 -1.46479
[Drum44]
Mesh Drum1
Parent Cf_D0
Attaching  -0.238402 0.131209 0.961045 0.930404 0.31268 0.191277 -0.275951 0.94099 -0.195957 0.460163 -0.116826 -2.00243
[Drum55]
Mesh Drum1
Parent Cf_D0
Attaching  -0.238402 0.131209 0.961045 0.930404 0.31268 0.191277 -0.275951 0.94099 -0.195957 0.460163 -0.0411811 -2.00243
[Roof1]
Mesh Roof1
Parent _ROOT_
Attaching 0 -0.258825 0 -1.35614 0 0 0 0 -1 1.54628 -0.031327 1.43151
[Pilot1_D0]
Mesh Pilot2_D0
Parent _ROOT_
Attaching 0 0.793224 0 -0.907889 0 -0.002141 0.018514 0 0.948236 1.63691 0.119571 0.496733
[Head1_D0]
Mesh Head1_D0
Parent Pilot1_D0
Attaching -0.078487 -0.957177 -0.311699 0.01893 0.339748 -0.931558 0.997564 -0.060665 -0.0084484 0 0.212919 0.66977
[Z_Binocular]
Mesh Z_Binocular
Parent zBall2
Attaching -1 0 0.1218 0.1218 0 1 0 1 0 -0.0031304 -0.42 -0.02
[Meldung2]
Mesh Meldung
Parent CF_D0
Attaching -0.155289 0.579556 0 -0.361843 -0.096953 0.927186 0.895594 0.23997 0.374607 -0.584 -0.527489 1.27862
[Meldung3]
Mesh Meldung
Parent Body
Attaching 0 0 0.6 0 -1 0 1 0 0 0.576984 1.642 -0.383717
[Meldung4]
Mesh Meldung
Parent Body
Attaching 0 0 0.6 0 -1 0 1 0 0 0.576984 2 -0.383717
[Radio_D0]
Mesh Radio_D0
Parent CF_D0
Attaching 0 0.06478 1 -0.33416 0.94 -0.06793 -0.942298 -0.334785 0 0.57255 0.172097 0.356216
[Z_Gear2]
Mesh Z_Gear1
Parent CF_D0
Attaching 0.668 -0.743 -0.026 0.744 0.667 0.031 -0.006 -0.04 0.999 -0.705687 0.02663 0.999235

[Fotel]
Mesh fotel
Parent _ROOT_
Attaching 0 1 0 -1 0 0 0 0 1 2.03028 -0.437014 0.541746
[Blend]
Mesh Roof1
Parent _ROOT_
Attaching 0 0 -0.15 0 -0.9 0 -1 0 0 2.09785 -0.031327 1.2888
[Nurse]
Mesh nurse
Parent _ROOT_
Attaching 0.0523 0.99863 0 -0.99863 -0.0474 -0.0221 0 0.4226 0.906308 1.03427 -0.371121 0.955074
[Bottom]
Mesh Bottom
Parent _ROOT_
Attaching 0 -1 0 1 0 0 0 0 1 1.74632 -0.305511 0.333254
[zColumn2_88]
Mesh zColumn288
Parent Pilot1_D0
Attaching 1.25588 -0.096 -0.0002 0 0.021 1.0546 0.10987 -1.09732 -0.002476 0.00103062 -0.379728 0.0754014
[PedalR]
Mesh PedalR
Parent Pilot1_D0
Attaching 0 -0.0215 -1.05464 0 1.10151 0.00248 1.26068 0 0 -0.236503 -0.759876 -0.0795012
[bulaj]
Mesh bulaj
Parent _ROOT_
Attaching 0 1 0 -0.573577 0 0.819153 0.819153 0 0.573577 1.2751 -0.0438428 -0.0353202
[sigt]
Mesh Turret_sight
Parent CF_D0
Attaching 0 0 0.4 -1 -0.2588 0 0.2588 -1 0 0.100062 0.701148 1.46847
[GV219]
Mesh GV219
Parent _ROOT_
Attaching 0 -1 0 0.707108 0 0.707108 -0.707108 0 0.707108 2.30181 -0.379769 0.162755
[BombsightCombo]
Mesh BombsightCombo
Parent CF_D0
Attaching 0.005402 -0.020172 -1.068 0.481119 0.128913 0 0.206418 -0.770375 0.0279773 -0.166161 -0.598706 1.48372
