[Common]
NumBones 0
FramesType Single
NumFrames 1

[Hooks]
CAMERA <BASE>
CAMERAAIM <BASE>

[HookLoc]
1 0 0 0 1 0 0 0 1 -0.465643 0 0.14596
1 0 0 0 1 0 0 0 1 -0.465643 0 0.14596

[Materials]
Gloss1D0o

[FaceGroups]
48 24
0 0 48 0 24 0

[Vertices_Frame0]
-0.262726 0.0422058 -0.0582275 0 0 -1
-0.262726 0.0422058 -0.0582275 -1 0 0
-0.262726 0.0422058 -0.0582275 0 1 0
-0.262726 -0.0422058 -0.0582275 0 0 -1
-0.262726 -0.0422058 -0.0582275 -1 0 0
-0.262726 -0.0422058 -0.0582275 0 -1 0
0.262726 0.0422058 -0.0582275 0 0 -1
0.262726 0.0422058 -0.0582275 1 0 0
0.262726 0.0422058 -0.0582275 0 1 0
0.262726 -0.0422058 -0.0582275 0 0 -1
0.262726 -0.0422058 -0.0582275 0 -1 0
0.262726 -0.0422058 -0.0582275 1 0 0
-0.262726 0.0422058 0.062561 0 0 1
-0.262726 0.0422058 0.062561 -1 0 0
-0.262726 0.0422058 0.062561 0 1 0
-0.262726 -0.0422058 0.062561 0 0 1
-0.262726 -0.0422058 0.062561 -1 0 0
-0.262726 -0.0422058 0.062561 0 -1 0
0.262726 0.0422058 0.062561 0 0 1
0.262726 0.0422058 0.062561 1 0 0
0.262726 0.0422058 0.062561 0 1 0
0.262726 -0.0422058 0.062561 0 0 1
0.262726 -0.0422058 0.062561 0 -1 0
0.262726 -0.0422058 0.062561 1 0 0
0.890961 -0.0236206 0.0223083 1 0 0
0.890961 -0.0236206 0.0223083 0 -0.707549 0.706664
0.890961 -0.0236206 0.0223083 0 -0.707107 -0.707107
0.253998 -0.0236206 0.0223083 -1 0 0
0.253998 -0.0236206 0.0223083 0 -0.707549 0.706664
0.253998 -0.0236206 0.0223083 0 -0.707107 -0.707107
0.890961 0.00106812 0.0470276 1 0 0
0.890961 0.00106812 0.0470276 0 -0.707549 0.706664
0.890961 0.00106812 0.0470276 0 0.707107 0.707107
0.253998 0.00106812 0.0470276 -1 0 0
0.253998 0.00106812 0.0470276 0 -0.707549 0.706664
0.253998 0.00106812 0.0470276 0 0.707107 0.707107
0.890961 0.00106812 -0.00238037 1 0 0
0.890961 0.00106812 -0.00238037 0 0.706664 -0.707549
0.890961 0.00106812 -0.00238037 0 -0.707107 -0.707107
0.253998 0.00106812 -0.00238037 -1 0 0
0.253998 0.00106812 -0.00238037 0 0.706664 -0.707549
0.253998 0.00106812 -0.00238037 0 -0.707107 -0.707107
0.890961 0.0257874 0.0223083 1 0 0
0.890961 0.0257874 0.0223083 0 0.706664 -0.707549
0.890961 0.0257874 0.0223083 0 0.707107 0.707107
0.253998 0.0257874 0.0223083 -1 0 0
0.253998 0.0257874 0.0223083 0 0.706664 -0.707549
0.253998 0.0257874 0.0223083 0 0.707107 0.707107

[MaterialMapping]
0.913559 0.3373871
0.9116058 0.3271332
0.9116058 0.3271332
0.913559 0.3279877
0.9116058 0.3271332
0.9116058 0.3271332
0.8559418 0.3373871
0.8266449 0.3368988
0.8415375 0.3271332
0.8559418 0.3279877
0.8415375 0.3271332
0.8362885 0.3368988
0.913559 0.3373871
0.9116058 0.3091888
0.9116058 0.3091888
0.913559 0.3279877
0.9116058 0.3091888
0.9116058 0.3091888
0.8559418 0.3373871
0.8266449 0.3231049
0.8415375 0.3091888
0.8559418 0.3279877
0.8415375 0.3091888
0.8362885 0.3231049
0.7579193 0.3150482
0.7579193 0.3150482
0.7579193 0.3150482
0.8427582 0.3150482
0.8427582 0.3150482
0.8427582 0.3150482
0.7579193 0.3113861
0.7579193 0.3113861
0.7579193 0.3113861
0.8427582 0.3113861
0.8427582 0.3113861
0.8427582 0.3113861
0.7579193 0.3188324
0.7579193 0.3188324
0.7579193 0.3188324
0.8427582 0.3188324
0.8427582 0.3188324
0.8427582 0.3188324
0.7579193 0.3150482
0.7579193 0.3150482
0.7579193 0.3150482
0.8427582 0.3150482
0.8427582 0.3150482
0.8427582 0.3150482

[Faces]
0 6 9
9 3 0
12 15 21
21 18 12
1 4 16
16 13 1
5 10 22
22 17 5
11 7 19
19 23 11
8 2 14
14 20 8
25 31 34
34 28 25
37 40 46
46 43 37
26 29 41
41 38 26
27 33 45
45 39 27
35 32 44
44 47 35
30 24 36
36 42 30


; eof